# Time	[BT]	Values[dca]	
0	0	4725	
4	1.47442e-05	4725	
8	2.45849e-05	4725	
12	3.12756e-05	4725	
16	3.59458e-05	4725	
20	3.93232e-05	4725	
24	4.18767e-05	4725	
28	4.39083e-05	4725	
32	4.56129e-05	4725	
36	4.71162e-05	4725	
40	4.84993e-05	4725	
44	4.98147e-05	4725	
48	5.10964e-05	4725	
52	5.23666e-05	4725	
56	5.36398e-05	4725	
60	5.49255e-05	4725	
64	5.62302e-05	4725	
68	5.75583e-05	4725	
72	5.89129e-05	4725	
76	6.02962e-05	4725	
80	6.171e-05	4725	
84	6.31555e-05	4725	
88	6.46341e-05	4725	
92	6.61468e-05	4725	
96	6.76945e-05	4725	
100	6.92782e-05	4725	
104	7.08989e-05	4725	
108	7.25573e-05	4725	
112	7.42545e-05	4725	
116	7.59913e-05	4725	
120	7.77687e-05	4725	
124	7.95877e-05	4725	
128	8.14492e-05	4725	
132	8.33543e-05	4725	
136	8.53039e-05	4725	
140	8.72991e-05	4725	
144	8.93409e-05	4725	
148	9.14306e-05	4725	
152	9.35691e-05	4725	
156	9.57576e-05	4725	
160	9.79973e-05	4725	
164	0.000100289	4725	
168	0.000102635	4725	
172	0.000105036	4725	
176	0.000107492	4725	
180	0.000110007	4725	
184	0.00011258	4725	
188	0.000115213	4725	
192	0.000117907	4725	
196	0.000120665	4725	
200	0.000123488	4725	
204	0.000126376	4725	
208	0.000129332	4725	
212	0.000132357	4725	
216	0.000135452	4725	
220	0.000138621	4725	
224	0.000141863	4725	
228	0.000145181	4725	
232	0.000148576	4725	
236	0.000152052	4725	
240	0.000155608	4725	
244	0.000159247	4725	
248	0.000162972	4725	
252	0.000166784	4725	
256	0.000170685	4725	
260	0.000174677	4725	
264	0.000178763	4725	
268	0.000182944	4725	
272	0.000187223	4725	
276	0.000191602	4725	
280	0.000196083	4725	
284	0.000200669	4725	
288	0.000205363	4725	
292	0.000210166	4725	
296	0.000215082	4725	
300	0.000220112	4725	
304	0.000225261	4725	
308	0.000230529	4725	
312	0.000235921	4725	
316	0.000241439	4725	
320	0.000247086	4725	
324	0.000252866	4725	
328	0.00025878	4725	
332	0.000264833	4725	
336	0.000271027	4725	
340	0.000277366	4725	
344	0.000283853	4725	
348	0.000290492	4725	
352	0.000297287	4725	
356	0.00030424	4725	
360	0.000311356	4725	
364	0.000318638	4725	
368	0.000326091	4725	
372	0.000333718	4725	
376	0.000341524	4725	
380	0.000349512	4725	
384	0.000357686	4725	
388	0.000366052	4725	
392	0.000374614	4725	
396	0.000383376	4725	
400	0.000392343	4725	
404	0.000401519	4725	
408	0.000410911	4725	
412	0.000420521	4725	
416	0.000430357	4725	
420	0.000440423	4725	
424	0.000450724	4725	
428	0.000461266	4725	
432	0.000472055	4725	
436	0.000483095	4725	
440	0.000494395	4725	
444	0.000505958	4725	
448	0.000517792	4725	
452	0.000529903	4725	
456	0.000542297	4725	
460	0.000554981	4725	
464	0.000567961	4725	
468	0.000581245	4725	
472	0.00059484	4725	
476	0.000608753	4725	
480	0.000622991	4725	
484	0.000637562	4725	
488	0.000652474	4725	
492	0.000667735	4725	
496	0.000683353	4725	
500	0.000699335	4725	
504	0.000715692	4725	
508	0.000732432	4725	
512	0.000749563	4725	
516	0.000767094	4725	
520	0.000785036	4725	
524	0.000803397	4725	
528	0.000822187	4725	
532	0.000841418	4725	
536	0.000861098	4725	
540	0.000881238	4725	
544	0.000901849	4725	
548	0.000922942	4725	
552	0.000944529	4725	
556	0.00096662	4725	
560	0.000989229	4725	
564	0.00101237	4725	
568	0.00103604	4725	
572	0.00106028	4725	
576	0.00108507	4725	
580	0.00111045	4725	
584	0.00113643	4725	
588	0.00116301	4725	
592	0.00119021	4725	
596	0.00121804	4725	
600	0.00124653	4725	
604	0.00127569	4725	
608	0.00130552	4725	
612	0.00133606	4725	
616	0.00136731	4725	
620	0.00139929	4725	
624	0.00143202	4725	
628	0.00146551	4725	
632	0.00149978	4725	
636	0.00153486	4725	
640	0.00157076	4725	
644	0.0016075	4725	
648	0.0016451	4725	
652	0.00168357	4725	
656	0.00172295	4725	
660	0.00176325	4725	
664	0.00180449	4725	
668	0.00184669	4725	
672	0.00188988	4725	
676	0.00193408	4725	
680	0.00197932	4725	
684	0.00202561	4725	
688	0.00207299	4725	
692	0.00212147	4725	
696	0.00217109	4725	
700	0.00222187	4725	
704	0.00227384	4725	
708	0.00232702	4725	
712	0.00238144	4725	
716	0.00243714	4725	
720	0.00249414	4725	
724	0.00255248	4725	
728	0.00261218	4725	
732	0.00267327	4725	
736	0.00273579	4725	
740	0.00279978	4725	
744	0.00286526	4725	
748	0.00293227	4725	
752	0.00300086	4725	
756	0.00307104	4725	
760	0.00314287	4725	
764	0.00321637	4725	
768	0.0032916	4725	
772	0.00336858	4725	
776	0.00344737	4725	
780	0.00352799	4725	
784	0.00361051	4725	
788	0.00369495	4725	
792	0.00378137	4725	
796	0.00386981	4725	
800	0.00396031	4725	
804	0.00405294	4725	
808	0.00414773	4725	
812	0.00424474	4725	
816	0.00434401	4725	
820	0.00444561	4725	
824	0.00454958	4725	
828	0.00465599	4725	
832	0.00476488	4725	
836	0.00487632	4725	
840	0.00499037	4725	
844	0.00510708	4725	
848	0.00522652	4725	
852	0.00534876	4725	
856	0.00547386	4725	
860	0.00560188	4725	
864	0.00573289	4725	
868	0.00586697	4725	
872	0.00600419	4725	
876	0.00614461	4725	
880	0.00628832	4725	
884	0.00643539	4725	
888	0.00658589	4725	
892	0.00673992	4725	
896	0.00689755	4725	
900	0.00705887	4725	
904	0.00722396	4725	
908	0.00739291	4725	
912	0.00756581	4725	
916	0.00774275	4725	
920	0.00792383	4725	
924	0.00810915	4725	
928	0.0082988	4725	
932	0.00849289	4725	
936	0.00869151	4725	
940	0.00889479	4725	
944	0.00910281	4725	
948	0.0093157	4725	
952	0.00953357	4725	
956	0.00975653	4725	
960	0.00998471	4725	
964	0.0102182	4725	
968	0.0104572	4725	
972	0.0107018	4725	
976	0.010952	4725	
980	0.0112082	4725	
984	0.0114703	4725	
988	0.0117386	4725	
992	0.0120131	4725	
996	0.012294	4725	
1000	0.0125816	4725	
1004	0.0128758	4725	
1008	0.0131769	4725	
1012	0.0134851	4725	
1016	0.0138005	4725	
1020	0.0141232	4725	
1024	0.0144535	4725	
1028	0.0147915	4725	
1032	0.0151374	4725	
1036	0.0154915	4725	
1040	0.0158538	4725	
1044	0.0162245	4725	
1048	0.016604	4725	
1052	0.0169923	4725	
1056	0.0173897	4725	
1060	0.0177963	4725	
1064	0.0182125	4725	
1068	0.0186385	4725	
1072	0.0190744	4725	
1076	0.0195204	4725	
1080	0.019977	4725	
1084	0.0204441	4725	
1088	0.0209223	4725	
1092	0.0214116	4725	
1096	0.0219123	4725	
1100	0.0224247	4725	
1104	0.0229492	4725	
1108	0.0234859	4725	
1112	0.0240351	4725	
1116	0.0245972	4725	
1120	0.0251725	4725	
1124	0.0257611	4725	
1128	0.0263636	4725	
1132	0.0269801	4725	
1136	0.0276111	4725	
1140	0.0282568	4725	
1144	0.0289177	4725	
1148	0.0295939	4725	
1152	0.030286	4725	
1156	0.0309943	4725	
1160	0.0317191	4725	
1164	0.0324609	4725	
1168	0.03322	4725	
1172	0.0339969	4725	
1176	0.034792	4725	
1180	0.0356056	4725	
1184	0.0364383	4725	
1188	0.0372904	4725	
1192	0.0381625	4725	
1196	0.039055	4725	
1200	0.0399683	4725	
1204	0.040903	4725	
1208	0.0418596	4725	
1212	0.0428385	4725	
1216	0.0438403	4725	
1220	0.0448656	4725	
1224	0.0459148	4725	
1228	0.0469886	4725	
1232	0.0480874	4725	
1236	0.049212	4725	
1240	0.0503629	4725	
1244	0.0515406	4725	
1248	0.052746	4725	
1252	0.0539795	4725	
1256	0.0552418	4725	
1260	0.0565337	4725	
1264	0.0578558	4725	
1268	0.0592088	4725	
1272	0.0605934	4725	
1276	0.0620104	4725	
1280	0.0634606	4725	
1284	0.0649447	4725	
1288	0.0664635	4725	
1292	0.0680178	4725	
1296	0.0696084	4725	
1300	0.0712362	4725	
1304	0.0729022	4725	
1308	0.074607	4725	
1312	0.0763518	4725	
1316	0.0781373	4725	
1320	0.0799646	4725	
1324	0.0818346	4725	
1328	0.0837484	4725	
1332	0.0857069	4725	
1336	0.0877112	4725	
1340	0.0897624	4725	
1344	0.0918615	4725	
1348	0.0940098	4725	
1352	0.0962082	4725	
1356	0.0984581	4725	
1360	0.100761	4725	
1364	0.103117	4725	
1368	0.105528	4725	
1372	0.107996	4725	
1376	0.110522	4725	
1380	0.113106	4725	
1384	0.115751	4725	
1388	0.118458	4725	
1392	0.121229	4725	
1396	0.124064	4725	
1400	0.126965	4725	
1404	0.129934	4725	
1408	0.132973	4725	
1412	0.136082	4725	
1416	0.139265	4725	
1420	0.142521	4725	
1424	0.145854	4725	
1428	0.149265	4725	
1432	0.152756	4725	
1436	0.156328	4725	
1440	0.159984	4725	
1444	0.163725	4725	
1448	0.167554	4725	
1452	0.171472	4725	
1456	0.175482	4725	
1460	0.179586	4725	
1464	0.183786	4725	
1468	0.188084	4725	
1472	0.192482	4725	
1476	0.196983	4725	
1480	0.20159	4725	
1484	0.206304	4725	
1488	0.211129	4725	
1492	0.216066	4725	
1496	0.221119	4725	
1500	0.22629	4725	
1504	0.231582	4725	
1508	0.236997	4725	
1512	0.24254	4725	
1516	0.248211	4725	
1520	0.254016	4725	
1524	0.259956	4725	
1528	0.266035	4725	
1532	0.272257	4725	
1536	0.278624	4725	
1540	0.285139	4725	
1544	0.291807	4725	
1548	0.298631	4725	
1552	0.305615	4725	
1556	0.312762	4725	
1560	0.320076	4725	
1564	0.327561	4725	
1568	0.335221	4725	
1572	0.343061	4725	
1576	0.351083	4725	
1580	0.359293	4725	
1584	0.367696	4725	
1588	0.376294	4725	
1592	0.385094	4725	
1596	0.3941	4725	
1600	0.403316	4725	
1604	0.412748	4725	
1608	0.4224	4725	
1612	0.432278	4725	
1616	0.442387	4725	
1620	0.452732	4725	
1624	0.463319	4725	
1628	0.474154	4725	
1632	0.485243	4725	
1636	0.49659	4725	
1640	0.508203	4725	
1644	0.520088	4725	
1648	0.53225	4725	
1652	0.544697	4725	
1656	0.557435	4725	
1660	0.570471	4725	
1664	0.583811	4725	
1668	0.597464	4725	
1672	0.611436	4725	
1676	0.625735	4725	
1680	0.640368	4725	
1684	0.655343	4725	
1688	0.670668	4725	
1692	0.686352	4725	
1696	0.702403	4725	
1700	0.718828	4725	
1704	0.735639	4725	
1708	0.752842	4725	
1712	0.770447	4725	
1716	0.788464	4725	
1720	0.806903	4725	
1724	0.825772	4725	
1728	0.845083	4725	
1732	0.864846	4725	
1736	0.885071	4725	
1740	0.905768	4725	
1744	0.92695	4725	
1748	0.948627	4725	
1752	0.970811	4725	
1756	0.993514	4725	
1760	1.01675	4725	
1764	1.04052	4725	
1768	1.06486	4725	
1772	1.08976	4725	
1776	1.11524	4725	
1780	1.14132	4725	
1784	1.16801	4725	
1788	1.19533	4725	
1792	1.22328	4725	
1796	1.25189	4725	
1800	1.28116	4725	
1804	1.31112	4725	
1808	1.34179	4725	
1812	1.37316	4725	
1816	1.40528	4725	
1820	1.43814	4725	
1824	1.47177	4725	
1828	1.50619	4725	
1832	1.54141	4725	
1836	1.57746	4725	
1840	1.61435	4725	
1844	1.6521	4725	
1848	1.69073	4725	
1852	1.73027	4725	
1856	1.77073	4725	
1860	1.81214	4725	
1864	1.85452	4725	
1868	1.89789	4725	
1872	1.94227	4725	
1876	1.98769	4725	
1880	2.03418	4725	
1884	2.08175	4725	
1888	2.13043	4725	
1892	2.18025	4725	
1896	2.23123	4725	
1900	2.28341	4725	
1904	2.33681	4725	
1908	2.39146	4725	
1912	2.44738	4725	
1916	2.50462	4725	
1920	2.56319	4725	
1924	2.62313	4725	
1928	2.68447	4725	
1932	2.74725	4725	
1936	2.81149	4725	
1940	2.87724	4725	
1944	2.94453	4725	
1948	3.01338	4725	
1952	3.08385	4725	
1956	3.15597	4725	
1960	3.22977	4725	
1964	3.3053	4725	
1968	3.3826	4725	
1972	3.4617	4725	
1976	3.54265	4725	
1980	3.6255	4725	
1984	3.71028	4725	
1988	3.79705	4725	
1992	3.88584	4725	
1996	3.97672	4725	
2000	4.06971	4725	
2004	4.16488	4725	
2008	4.26228	4725	
2012	4.36196	4725	
2016	4.46396	4725	
2020	4.56835	4725	
2024	4.67519	4725	
2028	4.78452	4725	
2032	4.8964	4725	
2036	5.01091	4725	
2040	5.12809	4725	
2044	5.24801	4725	
2048	5.37074	4725	
2052	5.49633	4725	
2056	5.62487	4725	
2060	5.75641	4725	
2064	5.89102	4725	
2068	6.02878	4725	
2072	6.16977	4725	
2076	6.31405	4725	
2080	6.46171	4725	
2084	6.61282	4725	
2088	6.76746	4725	
2092	6.92572	4725	
2096	7.08768	4725	
2100	7.25343	4725	
2104	7.42305	4725	
2108	7.59664	4725	
2112	7.77429	4725	
2116	7.95609	4725	
2120	8.14215	4725	
2124	8.33255	4725	
2128	8.52741	4725	
2132	8.72683	4725	
2136	8.93091	4725	
2140	9.13976	4725	
2144	9.3535	4725	
2148	9.57223	4725	
2152	9.79608	4725	
2156	10.0252	4725	
2160	10.2596	4725	
2164	10.4995	4725	
2168	10.7451	4725	
2172	10.9963	4725	
2176	11.2535	4725	
2180	11.5167	4725	
2184	11.786	4725	
2188	12.0616	4725	
2192	12.3437	4725	
2196	12.6323	4725	
2200	12.9277	4725	
2204	13.2301	4725	
2208	13.5394	4725	
2212	13.8561	4725	
2216	14.1801	4725	
2220	14.5117	4725	
2224	14.8511	4725	
2228	15.1984	4725	
2232	15.5538	4725	
2236	15.9175	4725	
2240	16.2897	4725	
2244	16.6707	4725	
2248	17.0605	4725	
2252	17.4595	4725	
2256	17.8678	4725	
2260	18.2856	4725	
2264	18.7132	4725	
2268	19.1509	4725	
2272	19.5987	4725	
2276	20.057	4725	
2280	20.5261	4725	
2284	21.0061	4725	
2288	21.4973	4725	
2292	22	4725	
2296	22.5145	4725	
2300	23.041	4725	
2304	23.5798	4725	
2308	24.1313	4725	
2312	24.6956	4725	
2316	25.2731	4725	
2320	25.8641	4725	
2324	26.469	4725	
2328	27.0879	4725	
2332	27.7214	4725	
2336	28.3697	4725	
2340	29.0331	4725	
2344	29.7121	4725	
2348	30.4069	4725	
2352	31.1179	4725	
2356	31.8457	4725	
2360	32.5904	4725	
2364	33.3525	4725	
2368	34.1325	4725	
2372	34.9307	4725	
2376	35.7475	4725	
2380	36.5835	4725	
2384	37.439	4725	
2388	38.3145	4725	
2392	39.2105	4725	
2396	40.1275	4725	
2400	41.0659	4725	
2404	42.0262	4725	
2408	43.009	4725	
2412	44.0148	4725	
2416	45.0441	4725	
2420	46.0974	4725	
2424	47.1755	4725	
2428	48.2787	4725	
2432	49.4077	4725	
2436	50.5631	4725	
2440	51.7455	4725	
2444	52.9556	4725	
2448	54.194	4725	
2452	55.4613	4725	
2456	56.7583	4725	
2460	58.0856	4725	
2464	59.444	4725	
2468	60.8341	4725	
2472	62.2567	4725	
2476	63.7126	4725	
2480	65.2025	4725	
2484	66.7273	4725	
2488	68.2877	4725	
2492	69.8847	4725	
2496	71.519	4725	
2500	73.1914	4725	
2504	74.903	4725	
2508	76.6547	4725	
2512	78.4473	4725	
2516	80.2818	4725	
2520	82.1592	4725	
2524	84.0805	4725	
2528	86.0468	4725	
2532	88.059	4725	
2536	90.1183	4725	
2540	92.2257	4725	
2544	94.3824	4725	
2548	96.5896	4725	
2552	98.8484	4725	
2556	101.16	4725	
2560	103.526	4725	
2564	105.947	4725	
2568	108.424	4725	
2572	110.96	4725	
2576	113.555	4725	
2580	116.21	4725	
2584	118.928	4725	
2588	121.709	4725	
2592	124.555	4725	
2596	127.468	4725	
2600	130.449	4725	
2604	133.499	4725	
2608	136.621	4725	
2612	139.816	4725	
2616	143.086	4725	
2620	146.432	4725	
2624	149.856	4725	
2628	153.361	4725	
2632	156.947	4725	
2636	160.617	4725	
2640	164.373	4725	
2644	168.217	4725	
2648	172.151	4725	
2652	176.177	4725	
2656	180.297	4725	
2660	184.513	4725	
2664	188.828	4725	
2668	193.244	4725	
2672	197.763	4725	
2676	202.388	4725	
2680	207.12	4725	
2684	211.964	4725	
2688	216.921	4725	
2692	221.994	4725	
2696	227.185	4725	
2700	232.498	4725	
2704	237.935	4725	
2708	243.499	4725	
2712	249.193	4725	
2716	255.021	4725	
2720	260.985	4725	
2724	267.088	4725	
2728	273.334	4725	
2732	279.726	4725	
2736	286.267	4725	
2740	292.962	4725	
2744	299.813	4725	
2748	306.824	4725	
2752	313.999	4725	
2756	321.342	4725	
2760	328.857	4725	
2764	336.547	4725	
2768	344.417	4725	
2772	352.471	4725	
2776	360.714	4725	
2780	369.15	4725	
2784	377.782	4725	
2788	386.617	4725	
2792	395.658	4725	
2796	404.91	4725	
2800	414.379	4725	
2804	424.07	4725	
2808	433.987	4725	
2812	444.136	4725	
2816	454.522	4725	
2820	465.151	4725	
2824	476.029	4725	
2828	487.161	4725	
2832	498.553	4725	
2836	510.212	4725	
2840	522.143	4725	
2844	534.354	4725	
2848	546.85	4725	
2852	559.638	4725	
2856	572.726	4725	
2860	586.119	4725	
2864	599.825	4725	
2868	613.853	4725	
2872	628.208	4725	
2876	642.898	4725	
2880	657.933	4725	
2884	673.319	4725	
2888	689.065	4725	
2892	705.179	4725	
2896	721.669	4725	
2900	738.546	4725	
2904	755.817	4725	
2908	773.492	4725	
2912	791.58	4725	
2916	810.092	4725	
2920	829.036	4725	
2924	848.423	4725	
2928	868.264	4725	
2932	888.568	4725	
2936	909.348	4725	
2940	930.613	4725	
2944	952.376	4725	
2948	974.647	4725	
2952	997.44	4725	
2956	1020.77	4725	
2960	1044.64	4725	
2964	1069.07	4725	
2968	1094.07	4725	
2972	1119.65	4725	
2976	1145.83	4725	
2980	1172.63	4725	
2984	1200.05	4725	
2988	1228.12	4725	
2992	1256.84	4725	
2996	1286.23	4725	
3000	1316.31	4725	
3004	1347.09	4725	
3008	1378.59	4725	
3012	1410.83	4725	
3016	1443.82	4725	
3020	1477.59	4725	
3024	1512.14	4725	
3028	1547.5	4725	
3032	1583.69	4725	
3036	1620.72	4725	
3040	1658.63	4725	
3044	1697.41	4725	
3048	1737.11	4725	
3052	1777.73	4725	
3056	1819.3	4725	
3060	1861.85	4725	
3064	1905.39	4725	
3068	1949.95	4725	
3072	1995.55	4725	
3076	2042.21	4725	
3080	2089.97	4725	
3084	2138.84	4725	
3088	2188.86	4725	
3092	2240.05	4725	
3096	2292.43	4725	
3100	2346.04	4725	
3104	2400.91	4725	
3108	2457.05	4725	
3112	2514.51	4725	
3116	2573.31	4725	
3120	2633.49	4725	
3124	2695.08	4725	
3128	2758.1	4725	
3132	2822.6	4725	
3136	2888.61	4725	
3140	2956.16	4725	
3144	3025.29	4725	
3148	3096.04	4725	
3152	3168.44	4725	
3156	3242.53	4725	
3160	3318.36	4725	
3164	3395.96	4725	
3168	3475.38	4725	
3172	3556.65	4725	
3176	3639.82	4725	
3180	3724.94	4725	
3184	3812.05	4725	
3188	3901.2	4725	
3192	3992.43	4725	
3196	4085.79	4725	
3200	4181.34	4725	
3204	4279.12	4725	
3208	4379.19	4725	
3212	4481.6	4725	
3216	4586.4	4725	
3220	4693.65	4725	
3224	4803.42	4725	
3228	4915.75	4725	
3232	5030.7	4725	
3236	5148.35	4725	
3240	5268.74	4725	
3244	5391.95	4725	
3248	5518.05	4725	
3252	5647.09	4725	
3256	5779.15	4725	
3260	5914.29	4725	
3264	6052.6	4725	
3268	6194.14	4725	
3272	6338.99	4725	
3276	6487.23	4725	
3280	6638.94	4725	
3284	6794.19	4725	
3288	6953.08	4725	
3292	7115.68	4725	
3296	7282.08	4725	
3300	7452.37	4725	
3304	7626.65	4725	
3308	7805	4725	
3312	7987.52	4725	
3316	8174.31	4725	
3320	8365.47	4725	
3324	8561.1	4725	
3328	8761.3	4725	
3332	8966.19	4725	
3336	9175.87	4725	
3340	9390.45	4725	
3344	9610.04	4725	
3348	9834.78	4725	
3352	10064.8	4725	
3356	10300.1	4725	
3360	10541	4725	
3364	10787.5	4725	
3368	11039.8	4725	
3372	11297.9	4725	
3376	11562.2	4725	
3380	11832.5	4725	
3384	12109.2	4725	
3388	12392.4	4725	
3392	12682.2	4725	
3396	12978.8	4725	
3400	13282.3	4725	
3404	13592.9	4725	
3408	13910.8	4725	
3412	14236.1	4725	
3416	14569	4725	
3420	14909.7	4725	
3424	15258.4	4725	
3428	15615.2	4725	
3432	15980.4	4725	
3436	16354.1	4725	
3440	16736.5	4725	
3444	17127.9	4725	
3448	17528.5	4725	
3452	17938.4	4725	
3456	18357.9	4725	
3460	18787.2	4725	
3464	19226.5	4725	
3468	19676.2	4725	
3472	20136.3	4725	
3476	20607.2	4725	
3480	21089.1	4725	
3484	21582.3	4725	
3488	22087	4725	
3492	22603.5	4725	
3496	23132.1	4725	
3500	23673	4725	
3504	24226.6	4725	
3508	24793.2	4725	
3512	25372.9	4725	
3516	25966.3	4725	
3520	26573.5	4725	
3524	27195	4725	
3528	27830.9	4725	
3532	28481.8	4725	
3536	29147.8	4725	
3540	29829.5	4725	
3544	30527	4725	
3548	31240.9	4725	
3552	31971.5	4725	
3556	32719.1	4725	
3560	33484.3	4725	
3564	34267.3	4725	
3568	35068.7	4725	
3572	35888.8	4725	
3576	36728	4725	
3580	37586.9	4725	
3584	38465.9	4725	
3588	39365.4	4725	
3592	40286	4725	
3596	41228.1	4725	
3600	42192.2	4725	
3604	43178.9	4725	
3608	44188.7	4725	
3612	45222	4725	
3616	46279.6	4725	
3620	47361.8	4725	
3624	48469.4	4725	
3628	49602.9	4725	
3632	50762.8	4725	
3636	51950	4725	
3640	53164.8	4725	
3644	54408.1	4725	
3648	55680.4	4725	
3652	56982.5	4725	
3656	58315.1	4725	
3660	59678.8	4725	
3664	61074.4	4725	
3668	62502.7	4725	
3672	63964.3	4725	
3676	65460.1	4725	
3680	66990.9	4725	
3684	68557.5	4725	
3688	70160.8	4725	
3692	71801.5	4725	
3696	73480.6	4725	
3700	75199	4725	
3704	76957.5	4725	
3708	78757.2	4725	
3712	80599	4725	
3716	82483.8	4725	
3720	84412.7	4725	
3724	86386.7	4725	
3728	88406.9	4725	
3732	90474.3	4725	
3736	92590.1	4725	
3740	94755.3	4725	
3744	96971.2	4725	
3748	99238.9	4725	
3752	101560	4725	
3756	103935	4725	
3760	106365	4725	
3764	108853	4725	
3768	111398	4725	
3772	114003	4725	
3776	116669	4725	
3780	119398	4725	
3784	122190	4725	
3788	125047	4725	
3792	127972	4725	
3796	130964	4725	
3800	134027	4725	
3804	137161	4725	
3808	140369	4725	
3812	143651	4725	
3816	147011	4725	
3820	150448	4725	
3824	153967	4725	
3828	157567	4725	
3832	161252	4725	
3836	165023	4725	
3840	168882	4725	
3844	172831	4725	
3848	176873	4725	
3852	181009	4725	
3856	185242	4725	
3860	189574	4725	
3864	194008	4725	
3868	198544	4725	
3872	203188	4725	
3876	207939	4725	
3880	212802	4725	
3884	217778	4725	
3888	222871	4725	
3892	228083	4725	
3896	233417	4725	
3900	238875	4725	
3904	244461	4725	
3908	250178	4725	
3912	256029	4725	
3916	262016	4725	
3920	268143	4725	
3924	274414	4725	
3928	280831	4725	
3932	287399	4725	
3936	294120	4725	
3940	300998	4725	
3944	308037	4725	
3948	315240	4725	
3952	322612	4725	
3956	330156	4725	
3960	337877	4725	
3964	345779	4725	
3968	353865	4725	
3972	362140	4725	
3976	370609	4725	
3980	379275	4725	
3984	388145	4725	
3988	397222	4725	
3992	406511	4725	
3996	416018	4725	
4000	425746	4725	
